V1,V2,V3
10.4475,16.2438,9.71842
10.4233,16.2438,9.71818
10.3991,16.2438,9.71792
10.3747,16.2438,9.71764
10.3503,16.2438,9.71734
10.326,16.2438,9.71703
10.3017,16.2437,9.71669
10.2773,16.2437,9.71634
10.2531,16.2437,9.716
10.2288,16.2437,9.71565
10.4482,16.2437,9.96982
10.4137,16.2437,9.96305
10.3791,16.2437,9.95616
10.3444,16.2437,9.94915
10.3098,16.2436,9.94202
10.2752,16.2436,9.93466
10.2407,16.2436,9.92678
10.2065,16.2436,9.91792
10.1726,16.2436,9.90825
10.1389,16.2436,9.89813
10.4512,16.2436,10.221
10.3994,16.2436,10.2004
10.3476,16.2436,10.1796
10.2958,16.2435,10.1585
10.244,16.2435,10.1372
10.1922,16.2435,10.1156
10.1407,16.2435,10.0938
10.0892,16.2435,10.0717
10.0382,16.2435,10.0492
9.98741,16.2435,10.0263
10.4546,16.2435,10.4747
10.3911,16.2435,10.4373
10.3276,16.2434,10.3994
10.2641,16.2434,10.3613
10.2006,16.2434,10.323
10.1374,16.2434,10.2843
10.0742,16.2434,10.2455
10.0114,16.2434,10.2063
9.94878,16.2434,10.1671
9.88597,16.2434,10.1285
10.4579,16.2433,10.7295
10.3839,16.2433,10.672
10.3098,16.2433,10.6142
10.2357,16.2433,10.5561
10.1617,16.2433,10.4978
10.0878,16.2433,10.4394
10.014,16.2433,10.3807
9.94057,16.2433,10.3219
9.86747,16.2433,10.2629
9.79382,16.2433,10.2049
10.4601,16.2432,10.9851
10.3766,16.2432,10.9046
10.2929,16.2432,10.824
10.2091,16.2432,10.7431
10.1252,16.2432,10.662
10.0414,16.2432,10.5809
9.95766,16.2432,10.4997
9.87411,16.2432,10.4186
9.79078,16.2432,10.3375
9.70759,16.2433,10.2567
10.4615,16.2431,11.2411
10.3796,16.2431,11.1465
10.2975,16.2431,11.0517
10.215,16.2431,10.9569
10.1323,16.2431,10.862
10.0496,16.2432,10.7672
9.96673,16.2432,10.6725
9.88385,16.2432,10.578
9.80099,16.2432,10.4838
9.71669,16.2432,10.3914
10.4631,16.243,11.4973
10.3797,16.243,11.3843
10.2958,16.243,11.2711
10.2115,16.243,11.158
10.1269,16.2431,11.0449
10.0419,16.2431,10.9321
9.95667,16.2431,10.8195
9.87121,16.2431,10.7072
9.78551,16.2431,10.5955
9.69836,16.2431,10.4854
10.4655,16.2429,11.7537
10.3766,16.2429,11.6149
10.2872,16.2429,11.4761
10.197,16.243,11.3373
10.1063,16.243,11.1986
10.0149,16.243,11.0603
9.92298,16.243,10.9225
9.83045,16.2431,10.7852
9.73741,16.2431,10.6488
9.64378,16.2431,10.5132
10.4665,16.2428,12.0103
10.3755,16.2428,11.848
10.2836,16.2428,11.6857
10.1907,16.2429,11.5234
10.0969,16.2429,11.3615
10.0023,16.2429,11.2
9.90668,16.243,11.0391
9.81017,16.243,10.879
9.71276,16.243,10.7199
9.61076,16.2431,10.5644
10.4039,16.2426,12.2409
10.3216,16.2427,12.0678
10.2381,16.2427,11.8947
10.1534,16.2428,11.7217
10.0677,16.2428,11.5491
9.98086,16.2428,11.3769
9.89288,16.2429,11.2054
9.80372,16.2429,11.0347
9.71333,16.243,10.8651
9.62172,16.243,10.6967
10.2806,16.2425,12.451
10.2044,16.2425,12.2535
10.1267,16.2426,12.0559
10.0473,16.2427,11.8585
9.96651,16.2427,11.6615
9.88398,16.2428,11.4651
9.79979,16.2428,11.2695
9.71387,16.2429,11.075
9.62607,16.2429,10.8817
9.53314,16.243,10.6916
10.1598,16.2423,12.6622
10.0965,16.2424,12.457
10.0315,16.2425,12.2518
9.96478,16.2425,12.0467
9.89635,16.2426,11.8419
9.82605,16.2427,11.6377
9.75387,16.2427,11.4342
9.6797,16.2428,11.2317
9.60344,16.2429,11.0305
9.52335,16.2429,10.8314
9.93521,16.2422,12.7353
9.88815,16.2423,12.5255
9.83933,16.2424,12.3155
9.78862,16.2424,12.1055
9.73598,16.2425,11.8957
9.68129,16.2426,11.6864
9.62448,16.2427,11.4777
9.56541,16.2427,11.2699
9.50397,16.2428,11.0633
9.43614,16.2429,10.8594
9.71704,16.2421,12.8249
9.6863,16.2422,12.6168
9.65386,16.2422,12.4083
9.61967,16.2423,12.1997
9.58363,16.2424,11.9912
9.5456,16.2425,11.7829
9.50553,16.2426,11.5751
9.46324,16.2426,11.3681
9.41863,16.2427,11.1619
9.36869,16.2428,10.9576
9.50356,16.2419,12.9214
9.48609,16.242,12.7129
9.46724,16.2421,12.5039
9.44692,16.2422,12.2947
9.42504,16.2423,12.0853
9.40142,16.2424,11.8761
9.37597,16.2425,11.6672
9.34858,16.2425,11.4588
9.31904,16.2426,11.2511
9.28753,16.2427,11.0443
9.2452,16.2418,12.9151
9.23885,16.2419,12.7065
9.23171,16.242,12.4974
9.2237,16.2421,12.2879
9.21472,16.2422,12.0781
9.20464,16.2423,11.8684
9.1934,16.2424,11.6588
9.18085,16.2425,11.4495
9.16686,16.2426,11.2407
9.1514,16.2427,11.0326
9.02111,16.2418,12.8317
9.0203,16.2419,12.6231
9.0193,16.242,12.4139
9.01809,16.2421,12.2044
9.01665,16.2422,11.9946
9.01492,16.2423,11.7847
9.01287,16.2424,11.575
9.01045,16.2425,11.3654
9.00761,16.2425,11.1563
9.00465,16.2426,10.9478
8.7938,16.2417,12.7326
8.79662,16.2418,12.5267
8.79978,16.2419,12.3203
8.80335,16.242,12.1135
8.80739,16.2421,11.9065
8.81199,16.2422,11.6994
8.81724,16.2423,11.4924
8.82327,16.2424,11.2856
8.8302600000000009,16.2425,11.0793
8.83838,16.2426,10.8736
8.61174,16.2417,12.5684
8.62026,16.2418,12.3707
8.62965,16.2419,12.1725
8.64,16.242,11.9739
8.65142,16.2421,11.7752
8.66407,16.2422,11.5765
8.67811,16.2423,11.3779
8.69373,16.2424,11.1796
8.7111,16.2425,10.982
8.73336,16.2426,10.7853
8.38176,16.2417,12.5088
8.40026,16.2418,12.3167
8.42007,16.2419,12.1242
8.44122,16.242,11.9315
8.46381,16.2421,11.7386
8.48795,16.2422,11.5458
8.51374,16.2423,11.3534
8.54129,16.2424,11.1615
8.57084,16.2425,10.9701
8.60211,16.2426,10.7796
8.17144,16.2416,12.3926
8.20046,16.2417,12.212
8.23078,16.2418,12.031
8.26243,16.2419,11.8499
8.29546,16.242,11.6688
8.32993,16.2421,11.4879
8.36588,16.2422,11.3074
8.40337,16.2423,11.1274
8.44245,16.2424,10.9481
8.48269,16.2425,10.7695
7.96174,16.2416,12.2729
8.00365,16.2417,12.0932
8.04689,16.2418,11.9132
8.09144,16.2419,11.7332
8.13732,16.242,11.5533
8.1846,16.2421,11.3737
8.23326,16.2422,11.1946
8.28337,16.2423,11.016
8.33491,16.2424,10.8382
8.38876,16.2425,10.6616
7.76208,16.2416,12.1456
7.81542,16.2417,11.9727
7.86992,16.2418,11.7998
7.9256,16.2419,11.6268
7.98249,16.242,11.454
8.04058,16.2421,11.2815
8.09991,16.2422,11.1094
8.16047,16.2423,10.9381
8.22231,16.2424,10.7676
8.28465,16.2425,10.5978
7.52358,16.2415,12.0929
7.59179,16.2416,11.9166
7.66117,16.2417,11.7402
7.73168,16.2418,11.5639
7.80333,16.2419,11.3877
7.87616,16.2421,11.212
7.95016,16.2422,11.0368
8.02542,16.2423,10.8625
8.102,16.2424,10.689
8.18054,16.2425,10.517
7.31681,16.2415,11.9734
7.39739,16.2416,11.7995
7.47898,16.2417,11.6255
7.56159,16.2418,11.4515
7.64521,16.2419,11.2778
7.72986,16.242,11.1046
7.81556,16.2422,10.9319
7.90234,16.2423,10.7599
7.99041,16.2424,10.5891
8.07951,16.2425,10.4193
7.09061,16.2414,11.8757
7.18257,16.2415,11.7046
7.2754200000000004,16.2417,11.5333
7.36908,16.2418,11.362
7.46355,16.2419,11.1909
7.55873,16.242,11.0201
7.65471,16.2421,10.8499
7.75141,16.2422,10.6803
7.84888,16.2424,10.5116
7.94766,16.2425,10.3442
6.86417,16.2414,11.7795
6.96786,16.2415,11.6088
7.07226,16.2416,11.4379
7.17731,16.2417,11.2669
7.28295,16.2419,11.096
7.38902,16.242,10.9253
7.49552,16.2421,10.755
7.60225,16.2422,10.585
7.70907,16.2424,10.4156
7.8155,16.2425,10.2466
6.68857,16.2414,11.5986
6.79562,16.2415,11.4411
6.90316,16.2416,11.2834
7.01123,16.2417,11.1255
7.11968,16.2419,10.9677
7.22833,16.242,10.8099
7.33712,16.2421,10.6523
7.44595,16.2422,10.4949
7.55444,16.2423,10.3379
7.66218,16.2424,10.1809
6.47277,16.2414,11.4784
6.58922,16.2415,11.3239
6.70615,16.2416,11.1693
6.8236,16.2417,11.0145
6.94139,16.2418,10.8596
7.0594,16.242,10.705
7.17763,16.2421,10.5505
7.29596,16.2422,10.3963
7.41413,16.2423,10.2426
7.53182,16.2424,10.0891
6.29816,16.2414,11.2935
6.42208,16.2415,11.1447
6.54649,16.2416,10.9957
6.67144,16.2417,10.8465
6.79677,16.2418,10.6975
6.92249,16.242,10.5485
7.04845,16.2421,10.4
7.17475,16.2422,10.2521
7.30125,16.2423,10.1048
7.4286,16.2424,9.95889
6.12288,16.2414,11.111
6.25287,16.2415,10.9678
6.3834,16.2416,10.8243
6.51436,16.2417,10.6809
6.64579,16.2419,10.5374
6.77753,16.242,10.3942
6.90964,16.2421,10.2514
7.04202,16.2422,10.1092
7.17482,16.2423,9.96786
7.30776,16.2425,9.82742
5.91045,16.2413,10.9931
6.04891,16.2415,10.8506
6.18779,16.2416,10.7079
6.32708,16.2417,10.5649
6.46651,16.2418,10.4219
6.60622,16.242,10.2788
6.74594,16.2421,10.136
6.88576,16.2422,9.99358
7.02556,16.2423,9.85172
7.16536,16.2425,9.7106
5.78788,16.2414,10.7836
5.92763,16.2415,10.6491
6.06763,16.2416,10.514
6.20774,16.2417,10.3786
6.34786,16.2419,10.2429
6.48779,16.242,10.1068
6.62746,16.2421,9.97056
6.76666,16.2422,9.8342
6.90531,16.2424,9.69777
7.04317,16.2425,9.56134
5.61089,16.2414,10.6048
5.76045,16.2415,10.4724
5.91021,16.2416,10.3394
6.05978,16.2418,10.2058
6.20923,16.2419,10.0715
6.35817,16.242,9.9366
6.50654,16.2421,9.80112
6.65399,16.2423,9.66508
6.80033,16.2424,9.52834
6.94506,16.2425,9.39072
5.43325,16.2414,10.4239
5.58773,16.2415,10.3015
5.74232,16.2416,10.1784
5.89679,16.2418,10.0545
6.05098,16.2419,9.92994
6.20473,16.242,9.80468
6.35781,16.2421,9.67872
6.50998,16.2423,9.55202
6.66097,16.2424,9.42449
6.81058,16.2425,9.29622
5.27684,16.2414,10.2306
5.44018,16.2416,10.1174
5.60362,16.2417,10.0035
5.76701,16.2418,9.8888
5.93014,16.2419,9.77334
6.09284,16.242,9.65714
6.25491,16.2422,9.54019
6.41613,16.2423,9.42246
6.57623,16.2424,9.30384
6.7356,16.2425,9.18519
5.17484,16.2415,10.0032
5.33853,16.2416,9.90617
5.50232,16.2417,9.80841
5.66614,16.2418,9.70985
5.82975,16.2419,9.61058
5.99301,16.2421,9.5106
6.15581,16.2422,9.40992
6.31788,16.2423,9.30857
6.47905,16.2424,9.20651
6.63962,16.2425,9.10439
5.06091,16.2415,9.79851
5.22601,16.2416,9.71576
5.39138,16.2418,9.63218
5.55668,16.2419,9.54792
5.72186,16.242,9.46296
5.88689,16.2421,9.3773
6.05147,16.2422,9.29105
6.21542,16.2423,9.20427
6.37881,16.2424,9.11686
6.5415,16.2425,9.02942
4.97489,16.2416,9.62141
5.14134,16.2417,9.54957
5.30804,16.2418,9.47698
5.47485,16.2419,9.40368
5.64161,16.242,9.32973
5.80818,16.2421,9.2552
5.97444,16.2422,9.18011
6.14027,16.2423,9.10456
6.3055,16.2424,9.02863
6.46988,16.2425,8.95214
4.76057,16.2416,9.50203
4.94438,16.2417,9.43402
5.12851,16.2418,9.36515
5.31264,16.2419,9.29553
5.49688,16.242,9.22513
5.68081,16.2421,9.15413
5.86457,16.2422,9.08253
6.04783,16.2423,9.0105
6.23058,16.2424,8.93814
6.41223,16.2425,8.86448
4.59856,16.2416,9.31546
4.78549,16.2417,9.2578
4.97283,16.2418,9.19921
5.16018,16.2419,9.13982
5.34754,16.242,9.07966
5.53487,16.2421,9.01876
5.72184,16.2422,8.95728
5.90834,16.2423,8.89536
6.09451,16.2424,8.83309
6.28002,16.2425,8.77089
4.50269,16.2416,9.09793
4.70234,16.2417,9.04728
4.90224,16.2418,8.99551
5.10235,16.242,8.94263
5.30234,16.2421,8.88869
5.50225,16.2422,8.83371
5.7017,16.2423,8.77783
5.90078,16.2424,8.72106
6.09916,16.2425,8.66367
6.29656,16.2426,8.60476
4.41629,16.2417,8.88509
4.61647,16.2418,8.84461
4.81705,16.2419,8.80282
5.0176,16.242,8.75974
5.2183,16.2421,8.7153
5.41862,16.2422,8.66954
5.61866,16.2423,8.62239
5.81806,16.2424,8.57384
6.01674,16.2425,8.5239
6.21455,16.2426,8.47282
4.4185,16.2418,8.62843
4.60711,16.2419,8.60104
4.79606,16.242,8.57239
4.98521,16.2421,8.54247
5.17439,16.2422,8.5112
5.36342,16.2423,8.4785
5.55212,16.2424,8.44433
5.74029,16.2425,8.40855
5.92773,16.2426,8.3711
6.1143,16.2427,8.33205
4.33781,16.2419,8.4179
4.53305,16.242,8.39965
4.72875,16.2421,8.3802
4.92476,16.2421,8.35948
5.12085,16.2422,8.33742
5.31683,16.2423,8.31389
5.51257,16.2424,8.2888
5.70788,16.2425,8.26201
5.9025,16.2426,8.23329
6.09624,16.2427,8.2027
4.25164,16.2419,8.20749
4.45255,16.242,8.1977
4.65407,16.2421,8.18701
4.85595,16.2422,8.17536
5.05792,16.2423,8.16267
5.25989,16.2424,8.1488
5.46168,16.2425,8.13362
5.66323,16.2426,8.11701
5.86426,16.2427,8.0988
6.06437,16.2427,8.07796
4.1844,16.242,7.98028
4.39007,16.2421,7.97698
4.59643,16.2422,7.97327
4.80302,16.2423,7.96912
5.00989,16.2424,7.96447
5.21695,16.2425,7.95923
5.4238,16.2425,7.95335
5.63033,16.2426,7.94674
5.8366,16.2427,7.93933
6.04217,16.2428,7.93121
4.1624,16.2421,7.72916
4.36818,16.2422,7.72936
4.57464,16.2423,7.72962
4.78133,16.2424,7.72997
4.98832,16.2425,7.73039
5.1955,16.2425,7.7309
5.40249,16.2426,7.73148
5.60918,16.2427,7.73214
5.81564,16.2428,7.73282
6.02141,16.2429,7.73349
4.16319,16.2422,7.4728
4.36853,16.2423,7.47894
4.57453,16.2424,7.4858
4.78074,16.2425,7.49343
4.98719,16.2426,7.5019
5.19381,16.2426,7.51128
5.40018,16.2427,7.52159
5.6062,16.2428,7.53282
5.81194,16.2429,7.54489
6.01696,16.243,7.55744
